-767218.634073
929694.500070
765941.543689
-159026.422580
-8287.318805
154772.434871
884681.146982
-513675.721399
100253.681252
378460.901142
-47147.201484
924792.251603
-311656.187560
-877017.293379
-792149.493524
-824743.252904
789123.601132
564985.596185
463913.065513
524237.555700
958502.049456
239475.725743
-699205.971564
686422.431534
-651941.944860
-190704.415291
-231010.308084
250325.689183
-268759.039875
176003.034312
862246.294106
-268322.018187
-805699.907673
-365801.934943
-218660.690297
-11842.620176
-975328.457334
632392.555694
697775.577882
154161.605867
-238228.437712
953915.586709
222195.964488
-666078.154038
267889.407247
-266482.259400
604823.234425
131829.749919
32936.009589
111917.487316
415717.536499
-66728.657980
-126501.685448
724877.955902
115945.215570
313842.964932
156875.169611
-994287.283095
-324715.101321
955987.088585
457786.059592
-158221.520660
-383705.161400
-590837.109892
-931129.781338
848442.202338
-771576.214757
-703814.130422
-597048.992910
-958514.566444
176013.524740
750413.922307
910145.826161
325502.717877
-221984.606209
-156034.981707
-3368.500230
6148.821242
863847.991706
158669.986452
-399260.916203
-323155.723061
339538.910362
525414.152552
724326.731601
-689250.078681
7318.861578
530089.664727
412415.793538
-829744.325970
-173837.953052
167699.741447
978446.379389
-839194.890174
801727.969422
-163579.625902
-955634.467157
940251.923623
-229941.118907
138789.075923
58526.812321
-985034.487299
451957.911656
959805.961956
-100484.232246
-733821.284077
-958505.864157
75841.144304
-105704.292994
-582351.426633
-244763.139807
-105126.723414
-520077.743423
564185.105013
-823592.643702
-674892.736052
112023.941317
-740159.052230
866858.863713
144075.297893
-80601.295158
-388825.086246
227038.369833
443292.818239
-504443.429620
-921807.724875
253060.710620
210848.540191
958054.894968
125197.296110
-418324.050195
-188523.956017
562030.633390
591274.846836
155019.913601
-304122.033792
-443116.984363
-862751.741994
-124805.216369
280626.813236
-729526.884378
-701548.794050
153194.459943
-400623.598941
-100785.712838
-872263.699043
-965077.640378
-361034.750735
-79713.781118
-13936.056582
602091.670060
-701391.556842
-868245.149914
111931.434817
181459.487315
-852365.979988
-875453.504371
486549.501497
-799629.049383
712487.926127
-539966.402562
-714998.357040
809896.674867
645866.675822
-603705.884648
-335028.264798
186729.735224
669977.493760
615985.645721
-172822.765737
574635.955356
201669.535018
774654.201660
849939.830125
-256055.846986
659367.498858
-579527.355767
-524828.357524
-764780.444060
903195.917700
-602506.995636
227552.043170
-339335.419903
653672.865458
-607609.635118
354037.158510
-955832.116355
543013.275810
830842.244614
577141.141056
309966.632627
149530.797221
584575.635759
-42559.785062
940823.651942
-841796.993122
603430.272498
685206.018739
285434.171015
113134.376949
-949800.597170
956370.823668
24306.917413
-35368.954388
284409.566157
442346.533961
802881.201231
-841071.723087
-704391.223164
-967982.296803
974049.340391
738690.392329
131881.725221
-663035.929957
567191.804691
-346440.062175
850237.138388
799308.495286
441904.982316
-719898.817367
909979.290619
586881.503330
-664316.596622
-309807.845696
720882.533398
-54490.143362
652254.392718
37816.681153
962702.869770
-819504.714698
40431.181880
916415.168114
-457961.535840
-621556.420547
-34892.832014
547582.333984
-74843.957610
-492309.461652
290199.090245
-303127.231286
-300527.274107
775097.541447
-820324.279375
57299.551470
-190833.519079
-390238.075354
-617077.961523
-318810.182527
203805.171555
-247258.192707
-303687.873130
-964291.215916
76154.545837
-664344.014786
-66777.772256
810708.848560
880782.880145
-489895.113520
-977088.584237
753528.625708
116401.787601
854412.090260
-182239.593678
392049.939139
911780.783186
-855370.891525
-568117.346531
505145.573031
462170.700812
570047.466049
-24736.667327
999228.870667
-579558.707842
-908586.447901
982957.144162
-749110.009807
953709.950481
608607.179440
550536.223894
-877046.261265
730162.032102
-141269.108438
183906.856453
-157066.023873
914848.160452
-925303.540752
473960.988058
521687.666472
396232.281994
-326331.461679
-670323.797089
-287281.082366
-888050.243259
106769.667469
363001.825169
-87652.889244
78224.855618
-591973.890802
-6187.325881
-313037.705384
-533509.067373
741711.397135
-295762.593296
-427979.058533
-183427.753844
444505.058704
-577592.825501
385362.291375
794535.589026
-602625.608997
-139973.421388
60790.718180
-512793.571783
-10856.877585
-277889.646029
-48001.336889
43634.457871
-485935.811467
-56417.163435
205589.259548
-575163.218566
-506552.363249
353106.133037
316308.096272
231295.456987
669415.540612
804857.812418
321026.285414
560130.793062
-67656.941637
-648587.988178
264756.464806
66547.102053
577059.601821
-203159.294984
529288.696717
980645.912168
-348839.628340
-988682.891217
-649539.040832
177596.387254
432757.448426
542979.181920
765954.179887
-224076.731311
-215411.995522
-255944.624608
867125.535158
889101.670234
750376.371343
-548086.112940
532428.195675
60373.842882
-176334.555675
-703156.332911
862461.109459
-457660.532086
-97307.301534
-884951.990756
855423.820502
826009.614441
19101.757840
-207795.468054
-427145.427146
645240.111176
-287060.306544
222771.388299
-679328.756527
524656.219139
-593021.503076
-680097.895624
763753.693432
-394989.523920
-606840.257601
-294636.302813
449537.722264
-288552.689117
-778850.015178
-746478.819763
531697.203588
-19878.764759
-57475.266137
-846434.596705
763758.223390
643437.307306
-97497.917377
329113.451623
-575592.014805
-845699.313079
786120.239318
333052.368868
289394.307534
-989168.788763
118590.233905
-832234.848913
892915.656019
-282118.957390
-662509.143585
457477.188017
-177361.425511
-495012.654178
-541978.895781
116096.730727
93542.668443
525113.268008
-994506.389986
732651.839788
-204434.120389
164622.708219
-758405.720990
-853706.608986
-240643.501100
-376463.785937
-820786.931086
-400293.269673
-269350.199327
-705068.809437
-453033.657350
-731021.770349
614492.071054
394864.950089
-507575.299176
-788807.696202
712169.875427
-815538.498499
-385405.445180
791516.849198
73876.692477
174537.354646
63828.412304
-132804.167616
879460.370978
-840790.269676
840685.246187
470633.376655
85181.559015
-640655.078942
667376.821324
-645378.990136
650153.565328
722680.330474
276059.304785
120218.276784
-912548.730189
509925.751065
-419812.737277
798252.180726
-8236.535597
-146200.205582
729931.481108
-846346.977791
-182712.855026
949857.460057
761830.726479
937088.940412
-656857.902410
495007.408964
905766.668574
581193.188029
89840.739501
-499403.613496
-615213.645598
-524337.333974
-905408.325095
92696.758487
-70604.871077
42711.300219
-761848.131052
-20079.632611
459481.217368
-147934.344834
389490.870787
750599.412145
852450.022620
-278761.543636
821918.466782
45324.251223
983743.568624
788350.289705
-306206.887121
-977061.881330
-46952.055684
-751551.537683
163803.381960
-492068.420230
-982279.319471
-249967.226494
34173.403239
496927.991729
978968.278176
588433.132979
874648.960079
3615.025284
330292.194245
978179.111898
919754.581249
-421547.949414
-824836.474661
203965.627417
-338809.110369
-644339.007264
-42069.476768
871219.067004
118255.970726
-443787.775699
476627.583296
364215.972985
312591.742991
737442.627460
290681.292298
-179593.383249
-651241.708800
-513276.012255
634327.443589
868719.841775
207796.660148
-449579.326347
899132.784252
-600631.474027
-701708.177028
-572406.501016
349600.303570
-789842.195441
-309919.306492
-401308.218569
-517148.529860
-42067.211790
25880.362383
9034.881000
542553.842754
-460218.289135
-946605.546628
123185.160520
615345.133575
233573.310347
919997.649231
-119043.587282
-572007.626338
973425.040724
-157538.927593
-226214.632827
-316125.586669
113364.331896
714169.732448
-708205.924207
-71667.503736
569327.441228
-328876.344111
-91853.590348
610557.802976
-13713.611828
573773.952130
-6628.758317
-71600.031211
329620.210815
56953.963397
-1853.587078
412757.686118
-674746.585319
-146484.520020
316963.986432
244380.000771
460026.481198
488580.233755
-917126.848278
-332681.269982
567186.321058
-745991.610914
17475.979940
330091.207184
-202629.051539
33195.766888
-822696.785004
-618148.223584
-677352.502968
-389768.628707
827338.560916
491323.957480
-302638.830343
-735766.543189
-9742.388833
9830.126957
-270325.093862
-1276.136708
607844.000813
563466.749123
22943.400209
143655.799987
-384997.391378
-284755.988695
539776.621186
-812368.362723
-486588.244555
621129.770077
-797109.320136
928513.373260
-730349.667709
-717707.390827
212583.990747
-861529.964776
611152.657920
198108.034757
-281626.026490
-948852.643961
-323834.620637
-130625.734903
130531.440261
631928.473471
785163.345403
618489.281699
-985429.547275
955393.425735
-359937.308929
-830869.662778
-589265.333853
-896406.941939
-354065.530349
78583.079888
-42567.414464
270980.507185
-457343.554271
892387.796763
-411228.110210
151787.312096
484345.677179
-945815.188256
-607546.811760
720387.218310
-579155.660835
-938038.443344
453946.324574
54350.549145
727353.935297
-871902.136910
645.161314
938277.696625
-612994.920104
-394221.219289
235126.012880
-684076.151974
327799.644742
-335343.812100
-619665.878552
537712.987131
611155.995783
-924027.761672
-838218.207498
-791627.237110
-984532.258065
805192.314016
-779962.477370
654875.688381
981128.591060
563110.551414
540457.545322
-330965.369770
546748.344968
-409895.706662
-139854.092771
649991.798162
263078.234767
-930620.518748
925174.913801
-654477.171331
-655591.898501
347339.377946
-828325.853230
678875.641569
889535.711687
497380.510640
-604378.821754
-380463.619189
-261212.130701
856486.333951
96080.279102
498906.987104
-179132.519680
-614085.924602
-146864.559611
399638.452397
-465438.826720
-750947.861243
327419.009104
284515.900948
-117142.793278
-59581.815578
-628856.923875
-869206.216158
-437460.855602
-76927.380426
899900.492837
124086.502850
-27670.887685
-387153.651142
-268346.813744
-281384.150602
-863380.929247
-477118.130008
-980626.957873
627771.641429
-634189.399095
692636.341112
190465.162010
465847.476569
-344205.958668
602245.211777
230339.397538
299293.695158
749755.409539
-975070.726595
-98582.246148
588267.789530
647090.598810
966974.381262
597597.833023
310547.182441
-420535.980753
165265.366135
369901.188841
548027.461912
263857.268245
-922864.277854
198910.433280
472818.365886
-510970.502313
-746288.203920
166778.491145
352422.228666
878330.504213
-954205.861617
-27255.681318
261265.536515
502966.901898
-873879.582562
930537.787420
974521.290436
692404.598024
-573203.415905
729671.723809
-270279.794287
-269389.776850
266058.589165
-631833.940411
-510045.437310
-237837.430855
422902.168284
805208.049658
501897.593512
-863750.836039
-893948.963164
-985301.635581
-300122.677378
-437205.151422
-362856.151273
779688.772570
840422.747072
268826.154771
-221833.448680
-267747.071214
-412553.241984
734620.702364
-879937.566236
867995.883042
-322152.814315
-191007.445605
690418.688503
587575.063663
593867.770660
-313735.438047
-999901.807773
295869.762553
-854943.645008
-539700.684793
-306162.422012
-364097.478834
-86518.134893
-749338.534241
-974156.748067
992064.027644
600590.108362
-226537.094274
-350082.267205
650144.624622
-915313.077141
-928373.540625
552921.008092
-248429.067508
498320.953657
574240.060913
-93455.287948
950188.623791
27374.533097
-928391.541246
254907.502763
-831808.675281
-170781.185423
-459771.134647
-940410.114507
417456.563337
930596.080820
112151.137755
-877833.997030
-332751.007486
912040.659694
-955727.808123
91957.660160
-953938.951753
892951.299632
214687.798371
-151204.258884
-694037.170861
-117165.085438
899725.255008
-91765.256176
-469953.644613
-353077.284361
302971.782219
944329.839038
-811219.541662
24371.052074
463995.677632
316755.131550
-338402.129451
443487.725620
464411.003208
858550.444843
755184.444379
-318686.085534
221275.429443
-335568.521833
-319308.239432
-960292.813177
-516981.398270
931813.924128
-431343.863271
-761086.263729
-93360.397259
687763.537369
-912008.473154
148463.396185
-664171.637983
-801234.323266
-862137.932755
975468.289970
-992249.159854
-462318.878105
-588561.044673
610741.743092
91509.790416
210845.321537
556304.051870
366861.110529
504472.278297
405717.774554
974766.504187
496474.876771
482245.922674
520962.038808
-575268.599682
188496.299435
984685.203734
-511665.135531
-160930.316029
632433.563731
192175.578590
-246271.258022
531235.743971
102628.213441
194024.635711
754008.801201
-881111.421273
-426809.375826
-297234.471851
765047.234714
-410242.486828
529346.632489
-787265.722515
-734210.741211
-475218.766517
-436284.616377
-288576.054161
-869939.115595
-595515.006254
-829856.382813
-981198.328563
-130422.602072
213103.266926
-399835.743966
68108.506873
39038.816000
96086.835620
-981933.612189
-172203.592074
-344915.373853
-416738.565075
-497141.614988
135101.809738
669381.565931
-969690.925241
-289648.223572
296216.423511
-750481.394831
649686.979707
151376.039640
456429.337324
561058.361462
45351.669387
-409725.714046
140023.966176
-614009.511372
-746088.289744
-470800.865873
519608.058357
-59586.345535
75600.222091
958095.783795
940493.203464
443924.866518
358376.023318
272159.965063
579454.638029
-955101.601105
380575.318404
-867373.967563
49243.022078
691941.946313
-779725.131439
220825.771558
572711.319471
-703755.240975
-876774.583025
311607.907750
214289.519741
-791383.453871
-51096.966785
-138567.942472
332679.958679
127458.698572
798234.418524
165502.592856
-629350.331613
-234348.409915
-37918.843616
880384.482305
716865.653201
119691.490412
-269313.125201
853426.109250
693954.677951
-238366.124578
-928087.199628
638977.802578
-840632.674839
-249688.514899
236048.574485
716610.783487
-359212.277312
432827.066720
-793755.125035
-58888.136035
646392.270100
766715.808792
517200.981999
380192.417787
-324329.816516
776851.707879
-745027.326016
-207965.341460
-753726.513324
-182932.796383
-2964.737966
-936562.750087
-451776.713357
-61068.714518
509451.416832
-515520.725399
-482422.829435
741272.348887
-330451.815642
-754557.283685
800830.799421
-278574.623285
416987.355108
362699.390902
-904837.192823
-44817.372822
247636.205739
731414.207719
85299.337910
883317.152941
831033.814132
898257.548782
995454.939242
-165116.950422
-838695.641175
684216.103818
413732.461444
616584.792204
-618827.478788
-784316.243353
