-201122.322046
243714.514147
200787.539531
-41687.938686
-2172.476954
40572.778225
231914.500833
-134657.383538
26280.974251
99211.530926
-12359.390426
242429.415543
-81699.027289
-229905.461996
-207657.815477
-216202.097745
206864.593732
148107.996835
121612.365523
137426.112745
251266.261416
62777.299581
-183293.160963
179942.023308
-170903.145422
-49992.157547
-60558.134950
65621.560322
-70453.766071
46138.267993
226033.322373
-70339.203139
-211209.985142
-95893.049644
-57320.747724
-3104.480474
-255677.215574
165778.376068
182918.190797
40412.652620
-62450.329596
250063.944375
58247.501224
-174608.878167
70225.796460
-69856.920067
158551.223774
34558.474261
8634.001357
29338.579548
108978.161560
-17492.566061
-33161.750237
190022.936378
30394.427286
82272.279454
41123.999056
-260647.171843
-85122.352718
250606.977676
120006.203208
-41476.937889
-100586.286118
-154884.834928
-244090.765568
222414.652457
-202264.638860
-184501.165525
-156513.247328
-251269.542678
46141.018003
196717.055409
238589.932293
85328.822247
-58192.094765
-40903.748224
-883.034585
1611.881087
226453.198959
41594.500833
-104664.145268
-84713.569924
89008.336143
137734.551409
189878.435833
-180683.276107
1918.600996
138960.212288
108112.627041
-217513.102696
-45570.703349
43961.603523
256494.562411
-219990.518302
210168.762460
-42881.536944
-250514.539827
246482.087098
-60277.852641
36382.824901
15342.495441
-258221.600183
118478.384938
251608.075207
-26341.411979
-192367.382732
-251267.261420
19881.356333
-27709.823397
-152660.357777
-64163.367315
-27558.416575
-136335.639876
147898.152293
-215900.471606
-176919.574393
29366.485904
-194028.795257
227242.483189
37768.580134
-21129.204795
-101928.447436
59516.912268
116206.876359
-132237.186899
-241647.037589
66338.531780
55272.833740
251149.042223
32819.811445
-109661.445390
-49420.561639
147333.368910
154999.585362
40637.653470
-79723.988581
-116160.782435
-226165.822873
-32717.029807
73564.840320
-191241.628481
-183907.319533
40159.120412
-105021.365367
-26420.443528
-228659.332290
-252990.017926
-94643.357424
-20896.547667
-3653.263797
157835.158570
-183866.100627
-227605.890812
29342.235812
47568.648395
-223443.250091
-229495.522948
127546.387934
-209618.541632
186774.955362
-141549.347066
-187433.051598
212310.145547
169310.545657
-158258.316418
-87825.894178
48950.216112
175631.069527
161477.391075
-45304.577344
150637.787639
52866.605903
203071.516907
222807.247690
-67123.690995
172849.715273
-151920.042482
-137580.988330
-200483.163382
236768.050413
-157944.033981
59651.569026
-88954.992192
171356.897135
-159281.664033
92808.975496
-250566.352523
142348.068833
217800.916283
151294.508869
81256.119367
39198.710535
153243.422479
-11156.823384
246631.962664
-220672.645878
158186.066145
179623.147103
74825.063830
29657.580753
-248985.221552
250707.571806
6371.930314
-9271.785015
74556.469065
115958.812923
210471.076102
-220482.520160
-184652.447347
-253751.458302
255341.901808
193643.793803
34572.099313
-173811.375155
148686.342769
-90817.436725
222885.185484
209534.510065
115843.062485
-188717.681449
238546.275879
153847.893512
-174147.095173
-81214.494209
188975.557423
-14284.303945
170985.051981
9913.443688
252367.484325
-214828.842559
10598.821277
240233.407250
-120052.203381
-162937.740340
-9146.972044
143545.823356
-19619.949095
-129056.331136
76074.162297
-79463.206346
-78781.641272
203187.736096
-215043.687120
15020.775476
-50026.001425
-102298.855085
-161763.735907
-83574.409372
53426.451767
-64817.432285
-79610.175651
-252783.860897
19963.512893
-174154.282700
-17505.441110
212523.052601
230892.590724
-128423.422496
-256138.623567
197533.558493
30514.115238
223979.627117
-47773.149167
102773.825629
239018.527662
-224230.971816
-148928.968686
132421.250094
121155.613799
149434.939346
-6484.586989
261942.582986
-151928.261263
-238181.149500
257677.035627
-196375.241618
250010.037922
159543.165021
144320.170030
-229913.055775
191408.129110
-37032.952356
48210.213318
-41174.030495
239822.624449
-242563.447300
124246.375471
136757.672720
103870.204770
-85546.073068
-175721.851120
-75309.221908
-232797.691669
27989.105702
95159.015621
-22977.743026
20506.233693
-155182.836054
-1621.974875
-82061.184907
-139856.590673
194435.734294
-77532.605305
-112192.454949
-48084.619093
116524.658810
-151412.915566
101020.694008
208283.317839
-157975.127849
-36693.294824
15935.966433
-134426.132665
-2846.073248
-72847.306360
-12583.297521
11438.543198
-127385.512326
-14789.462103
53894.141033
-150776.006911
-132790.032736
92564.912075
82918.500645
60632.885232
175483.756471
210989.234308
84155.349066
146835.335779
-17735.910730
-170023.923351
69404.512109
17444.972132
151273.133788
-53257.138628
138750.242745
257071.158338
-91446.470351
-259178.010045
-170273.236793
46555.957070
113445.084679
142339.131299
200790.852044
-58740.534336
-56469.119508
-67094.534635
227312.389703
233073.317710
196707.211622
-143677.886355
139573.245853
15826.684770
-46225.174571
-184328.727374
226089.635086
-119973.296833
-25508.596334
-231985.501102
224244.846869
216534.067749
5007.425161
-54472.486967
-111973.922874
169146.295037
-75251.346689
58398.345543
-178082.453785
137535.863159
-155457.462091
-178284.079546
200214.006115
-103544.422289
-159079.975771
-77237.354190
117843.945042
-75642.566917
-204171.427311
-195685.489013
139381.620130
-5211.113430
-15066.838150
-221888.369219
200215.193620
168673.699502
-25558.565273
86275.357072
-150888.413586
-221695.618491
206077.278258
87307.923472
75863.192750
-259305.385526
31087.804904
-218165.980162
234073.133986
-73955.998047
-173673.280883
119925.234152
-46494.363088
-129764.958812
-142076.911559
30434.146186
24521.717607
137655.676112
-260704.609560
192060.819075
-53591.327390
43154.975476
-198812.063321
-223794.688919
-63083.425737
-98687.997699
-215164.968828
-104934.771290
-70608.735406
-184830.073017
-118760.386003
-191633.504961
161085.858347
103511.765916
-133058.189999
-206781.780919
186691.580047
-213789.119882
-101032.006551
207491.971101
19366.385638
45754.047792
16732.281940
-34813.912726
230545.901915
-220408.738632
220381.207278
123374.059677
22329.896830
-167944.352998
174949.316952
-169182.701425
170434.331151
189446.840453
72367.492048
31514.587766
-239219.840922
133674.348576
-110051.696864
209257.602769
-2159.164404
-38325.613488
191347.691381
-221865.400383
-47897.212136
249000.127858
199709.910462
245652.927717
-172191.837789
129763.583807
237441.959208
152356.731631
23551.276442
-130916.025659
-161275.015311
-137452.269093
-237348.021353
24299.966770
-18508.694899
11196.542284
-199714.472979
-5263.769879
120450.579886
-38780.208955
102102.979346
196765.680593
223465.281425
-73075.869724
215461.594948
11881.513621
257883.192655
206661.874216
-80270.521895
-256131.623540
-12308.233982
-197015.275285
42940.193415
-128993.143397
-257499.347456
-65527.591217
8958.377582
130267.054458
256631.375428
154254.645048
229284.615902
947.659829
86584.358239
256424.499646
241108.816806
-110506.573582
-216226.535337
53468.514426
-88817.022921
-168910.075395
-11028.291649
228385.487506
31000.179573
-116336.626849
124945.409361
95477.298073
81944.278216
193316.698817
76200.569024
-47079.459047
-170719.582229
-134552.601893
166285.596734
227730.328782
54472.799468
-117854.851333
235702.921391
-157452.375875
-183949.100940
-150053.347932
91645.877354
-207052.969443
-81243.713070
-105200.834795
-135567.761977
-11027.697896
6784.400622
2368.446445
142227.630878
-120643.799366
-248147.655889
32292.340703
161309.484191
61230.012487
241172.535797
-31206.649103
-149948.785037
255178.244940
-41297.999713
-59300.973952
-82870.656714
29717.862231
187215.832027
-185652.451123
-18787.258451
149246.188634
-86213.200587
-24078.934685
160054.510702
-3594.951076
150411.818036
-1737.694062
-18769.570884
86408.201324
14930.181384
-485.908085
108202.252380
-176881.261748
-38400.145020
83090.438794
64062.929436
120593.517926
128078.733694
-240419.970455
-87210.641854
148684.905264
-195557.769781
4581.236051
86531.670540
-53118.138103
8702.095364
-215665.626969
-162044.299466
-177564.389328
-102175.792121
216882.444064
128797.986410
-79335.174612
-192877.322158
-2553.915895
2576.915982
-70864.298872
-334.532513
159343.101765
147709.839082
6014.491464
37658.610969
-100925.037397
-74647.281908
141499.596878
-212958.085494
-127556.544222
162825.896168
-208958.007887
243404.887977
-191457.316795
-188143.210530
55727.772958
-225845.540414
160210.448791
51932.977377
-73826.778809
-248736.720613
-84891.539346
-34242.848069
34218.129226
165656.719359
205826.433561
162133.706054
-258325.163074
250451.352089
-94355.668838
-217808.103810
-154472.802122
-234988.356192
-92816.413025
20600.140297
-11158.823392
71036.112020
-119890.202770
233934.758463
-107801.282115
39790.244019
126968.667002
-247940.467606
-159265.195221
188845.713183
-151822.604614
-245901.834907
118999.636906
14247.710057
190672.001330
-228564.550682
169.125639
245964.553894
-160693.388114
-103343.015279
61637.045275
-179326.958485
85930.949521
-87908.613240
-162442.144719
140958.626085
160211.323794
-242229.008537
-219734.486085
-207520.908710
-258089.943436
211076.922140
-204463.053412
171672.210826
257197.690066
147616.463729
141678.097552
-86760.827655
143327.197530
-107451.999546
-36662.013455
170391.924741
68964.572947
-243957.265063
242529.728422
-171567.741682
-171859.961535
91053.187616
-217141.257542
177963.672086
233187.099389
130385.679906
-158434.723334
-99736.532909
-68475.383600
224523.379171
25186.938869
130785.837667
-46958.646091
-160979.389194
-38499.770396
104763.114392
-122012.335784
-196857.024688
85831.167894
74584.344170
-30708.365971
-15619.058986
-164851.528818
-227857.829263
-114678.058086
-20166.107408
235904.172151
32528.622846
-7253.777394
-101490.289532
-70345.703163
-73763.372320
-226330.760996
-125074.003596
-257066.189570
164567.027743
-166249.409097
181570.966959
49929.438560
122119.461189
-90231.778264
157875.408722
60382.259286
78458.265050
196544.429757
-255609.652819
-25842.816346
154211.301135
169631.390619
253487.238554
156657.122871
81408.307441
-110241.291330
43323.444863
96967.647452
143662.511297
69168.792468
-241924.007385
52143.321921
123946.843090
-133948.224610
-195635.520075
43720.102611
92385.630148
230249.713296
-250140.038413
-7144.933233
68489.383653
131850.122937
-229082.927640
243935.577481
255465.621025
181510.216730
-150262.254971
191279.597374
-70852.423827
-70619.110446
69745.857148
-165631.938015
-133705.723694
-62347.829209
110861.574923
211081.047155
131569.809378
-226427.730112
-234344.010009
-258291.631698
-78675.578371
-114611.026583
-95120.827977
204391.303141
220312.394518
70471.359888
-58152.469615
-70188.483819
-108148.658427
192576.946024
-230670.996137
227540.546815
-84450.662681
-50071.595347
180989.621014
154029.706699
155679.306679
-82244.091848
-262118.989902
77560.699161
-224118.971393
-141479.690553
-80258.865600
-95446.235456
-22680.273153
-196435.148094
-255370.058164
260064.357142
157441.532084
-59385.505522
-91772.221581
170431.987393
-239944.499909
-243368.231589
144945.328641
-65124.370945
130632.212087
150534.005997
-24498.811271
249086.940686
7176.089601
-243372.950357
66822.658608
-218054.260990
-44769.387823
-120526.580173
-246523.556005
109434.038282
243950.858789
29399.829780
-230119.556555
-87228.923173
239086.652919
-250539.008670
24106.216038
-250070.069399
234082.477771
56279.275041
-39637.399692
-181938.187096
-30714.209743
235858.234477
-24055.778348
-123195.871504
-92557.349546
79422.456192
247551.091136
-212656.928107
6388.742877
121634.021855
83035.688587
-88710.335018
116257.970302
121742.897266
225064.474964
197967.622632
-83541.877999
58006.187812
-87967.519713
-83704.972365
-251735.700689
-135523.949311
244270.109995
-113074.520780
-199514.753475
-24473.936177
180293.587135
-239078.215387
38918.896979
-174109.095029
-210039.355721
-226004.916016
255713.871963
-260112.888576
-121194.457695
-154288.176425
160102.729634
23988.809345
55271.989987
145832.175740
96170.706942
132244.749427
106356.776660
255529.902518
130148.272760
126418.227423
136567.453252
-150803.632015
49413.311611
258130.037337
-134130.319048
-42187.034321
165789.126109
50377.815254
-64558.712558
139260.650923
26903.445352
50862.535834
197659.433968
-230978.716049
-111885.828791
-77918.450512
200553.101146
-107542.906140
138765.430303
-206377.560642
-192469.476868
-124576.095466
-114369.713171
-75648.691940
-228049.954989
-156111.120809
-217542.477807
-257215.971385
-34189.597868
55863.898472
-104814.833337
17854.286177
10233.819898
25188.657626
-257408.722113
-45142.264231
-90417.747716
-109245.818821
-130323.054670
35416.227501
175474.850187
-254199.366243
-75929.755501
77651.574504
-196734.742976
170312.018189
39682.431112
119650.545615
147078.492947
11888.701148
-107407.436878
36706.544874
-160959.357869
-195583.113627
-123417.966092
136212.514411
-15620.246490
19818.199844
251159.761014
246545.337337
116372.564485
93946.386042
71345.300688
151900.979910
-250374.851800
99765.814269
-227377.514949
12908.798751
181388.935022
-204400.834427
57888.312367
150133.254484
-184485.727967
-229841.836756
81686.370992
56174.868396
-207457.002219
-13394.800586
-36324.855932
87210.298103
33412.626184
209252.946501
43385.632597
-164980.873056
-61433.200755
-9940.225040
230788.152830
187922.553446
31376.493494
-70599.016620
223721.157391
181916.562014
-62486.423482
-243293.168805
167504.663837
-220367.425976
-65454.528441
61878.889938
187855.740694
-94165.605620
113463.334748
-208078.723317
-15437.214549
169448.327428
200990.509048
135581.512028
99665.438890
-85021.352336
203647.581582
-195304.987576
-54517.018385
-197585.433689
-47954.868603
-777.190435
-245514.989696
-118430.884759
-16008.841708
133550.004356
-135141.041615
-126464.602598
194320.640109
-86626.202147
-197803.215761
209933.574072
-73026.869539
109311.037817
95079.734072
-237198.302038
-11748.638119
64916.526410
191736.380349
22360.771946
231556.936983
217851.135223
235473.483024
260953.266749
-43284.538466
-219859.642808
179363.646123
108457.784595
161634.454168
-162222.362639
-205604.370222
