-201122.328125
243714.531250
200787.562500
-41687.937500
-2172.484375
40572.781250
231914.500000
-134657.390625
26280.968750
99211.531250
-12359.390625
242429.437500
-81699.031250
-229905.468750
-207657.828125
-216202.109375
206864.593750
148108.000000
121612.375000
137426.125000
251266.281250
62777.312500
-183293.156250
179942.031250
-170903.156250
-49992.156250
-60558.140625
65621.562500
-70453.765625
46138.281250
226033.343750
-70339.203125
-211210.000000
-95893.046875
-57320.750000
-3104.484375
-255677.218750
165778.375000
182918.187500
40412.656250
-62450.328125
250063.968750
58247.500000
-174608.875000
70225.812500
-69856.921875
158551.218750
34558.468750
8634.000000
29338.593750
108978.156250
-17492.562500
-33161.750000
190022.937500
30394.437500
82272.281250
41124.000000
-260647.187500
-85122.359375
250607.000000
120006.218750
-41476.937500
-100586.296875
-154884.843750
-244090.781250
222414.656250
-202264.656250
-184501.171875
-156513.250000
-251269.546875
46141.031250
196717.062500
238589.937500
85328.812500
-58192.093750
-40903.750000
-883.031250
1611.875000
226453.218750
41594.500000
-104664.156250
-84713.578125
89008.343750
137734.562500
189878.437500
-180683.281250
1918.593750
138960.218750
108112.625000
-217513.109375
-45570.703125
43961.593750
256494.562500
-219990.531250
210168.781250
-42881.531250
-250514.546875
246482.093750
-60277.859375
36382.812500
15342.500000
-258221.609375
118478.375000
251608.093750
-26341.406250
-192367.390625
-251267.265625
19881.343750
-27709.828125
-152660.375000
-64163.375000
-27558.421875
-136335.656250
147898.156250
-215900.484375
-176919.578125
29366.500000
-194028.812500
227242.500000
37768.593750
-21129.203125
-101928.453125
59516.906250
116206.875000
-132237.187500
-241647.046875
66338.531250
55272.843750
251149.062500
32819.812500
-109661.453125
-49420.562500
147333.375000
154999.593750
40637.656250
-79723.984375
-116160.781250
-226165.828125
-32717.031250
73564.843750
-191241.625000
-183907.328125
40159.125000
-105021.375000
-26420.437500
-228659.343750
-252990.031250
-94643.359375
-20896.546875
-3653.265625
157835.156250
-183866.109375
-227605.906250
29342.250000
47568.656250
-223443.250000
-229495.531250
127546.406250
-209618.546875
186774.968750
-141549.343750
-187433.062500
212310.156250
169310.562500
-158258.312500
-87825.890625
48950.218750
175631.062500
161477.406250
-45304.578125
150637.781250
52866.593750
203071.531250
222807.250000
-67123.687500
172849.718750
-151920.046875
-137581.000000
-200483.171875
236768.062500
-157944.031250
59651.562500
-88955.000000
171356.906250
-159281.671875
92808.968750
-250566.359375
142348.062500
217800.937500
151294.500000
81256.125000
39198.718750
153243.437500
-11156.828125
246631.968750
-220672.656250
158186.062500
179623.156250
74825.062500
29657.593750
-248985.234375
250707.593750
6371.937500
-9271.781250
74556.468750
115958.812500
210471.093750
-220482.531250
-184652.453125
-253751.468750
255341.906250
193643.812500
34572.093750
-173811.375000
148686.343750
-90817.437500
222885.187500
209534.531250
115843.062500
-188717.687500
238546.281250
153847.906250
-174147.093750
-81214.500000
188975.562500
-14284.296875
170985.062500
9913.437500
252367.500000
-214828.843750
10598.812500
240233.406250
-120052.203125
-162937.750000
-9146.968750
143545.843750
-19619.953125
-129056.343750
76074.156250
-79463.203125
-78781.640625
203187.750000
-215043.687500
15020.781250
-50026.000000
-102298.859375
-161763.750000
-83574.406250
53426.468750
-64817.437500
-79610.171875
-252783.875000
19963.500000
-174154.281250
-17505.437500
212523.062500
230892.593750
-128423.421875
-256138.640625
197533.562500
30514.125000
223979.625000
-47773.156250
102773.843750
239018.531250
-224230.984375
-148928.968750
132421.250000
121155.625000
149434.937500
-6484.593750
261942.593750
-151928.265625
-238181.156250
257677.031250
-196375.250000
250010.062500
159543.156250
144320.187500
-229913.062500
191408.125000
-37032.953125
48210.218750
-41174.031250
239822.625000
-242563.453125
124246.375000
136757.687500
103870.218750
-85546.078125
-175721.859375
-75309.218750
-232797.703125
27989.093750
95159.031250
-22977.750000
20506.250000
-155182.843750
-1621.968750
-82061.187500
-139856.593750
194435.750000
-77532.609375
-112192.453125
-48084.625000
116524.656250
-151412.921875
101020.687500
208283.312500
-157975.125000
-36693.296875
15935.968750
-134426.140625
-2846.078125
-72847.312500
-12583.296875
11438.531250
-127385.515625
-14789.468750
53894.156250
-150776.015625
-132790.031250
92564.906250
82918.500000
60632.875000
175483.750000
210989.250000
84155.343750
146835.343750
-17735.906250
-170023.937500
69404.500000
17444.968750
151273.125000
-53257.140625
138750.250000
257071.156250
-91446.468750
-259178.015625
-170273.250000
46555.968750
113445.093750
142339.125000
200790.875000
-58740.531250
-56469.125000
-67094.531250
227312.406250
233073.312500
196707.218750
-143677.890625
139573.250000
15826.687500
-46225.171875
-184328.734375
226089.656250
-119973.296875
-25508.593750
-231985.515625
224244.843750
216534.062500
5007.437500
-54472.484375
-111973.921875
169146.312500
-75251.343750
58398.343750
-178082.468750
137535.875000
-155457.468750
-178284.093750
200214.000000
-103544.421875
-159079.984375
-77237.359375
117843.937500
-75642.562500
-204171.437500
-195685.500000
139381.625000
-5211.109375
-15066.843750
-221888.375000
200215.187500
168673.718750
-25558.562500
86275.375000
-150888.421875
-221695.625000
206077.281250
87307.937500
75863.187500
-259305.390625
31087.812500
-218165.984375
234073.156250
-73956.000000
-173673.281250
119925.250000
-46494.359375
-129764.968750
-142076.906250
30434.156250
24521.718750
137655.687500
-260704.625000
192060.812500
-53591.328125
43154.968750
-198812.062500
-223794.703125
-63083.421875
-98688.000000
-215164.968750
-104934.781250
-70608.734375
-184830.078125
-118760.390625
-191633.515625
161085.875000
103511.781250
-133058.187500
-206781.781250
186691.593750
-213789.125000
-101032.015625
207491.968750
19366.375000
45754.062500
16732.281250
-34813.906250
230545.906250
-220408.750000
220381.218750
123374.062500
22329.906250
-167944.359375
174949.312500
-169182.718750
170434.343750
189446.843750
72367.500000
31514.593750
-239219.843750
133674.343750
-110051.703125
209257.625000
-2159.171875
-38325.609375
191347.687500
-221865.406250
-47897.218750
249000.125000
199709.906250
245652.937500
-172191.843750
129763.593750
237441.968750
152356.750000
23551.281250
-130916.031250
-161275.031250
-137452.281250
-237348.031250
24299.968750
-18508.703125
11196.531250
-199714.484375
-5263.765625
120450.593750
-38780.203125
102102.968750
196765.687500
223465.281250
-73075.875000
215461.593750
11881.500000
257883.187500
206661.875000
-80270.531250
-256131.640625
-12308.234375
-197015.281250
42940.187500
-128993.140625
-257499.359375
-65527.593750
8958.375000
130267.062500
256631.375000
154254.656250
229284.625000
947.656250
86584.375000
256424.500000
241108.812500
-110506.578125
-216226.546875
53468.531250
-88817.031250
-168910.078125
-11028.296875
228385.500000
31000.187500
-116336.625000
124945.406250
95477.312500
81944.281250
193316.718750
76200.562500
-47079.453125
-170719.593750
-134552.609375
166285.593750
227730.343750
54472.812500
-117854.859375
235702.937500
-157452.375000
-183949.109375
-150053.343750
91645.875000
-207052.968750
-81243.718750
-105200.843750
-135567.765625
-11027.703125
6784.406250
2368.437500
142227.625000
-120643.796875
-248147.671875
32292.343750
161309.500000
61230.000000
241172.531250
-31206.656250
-149948.781250
255178.250000
-41298.000000
-59300.968750
-82870.656250
29717.875000
187215.843750
-185652.468750
-18787.265625
149246.187500
-86213.203125
-24078.937500
160054.531250
-3594.953125
150411.812500
-1737.687500
-18769.578125
86408.218750
14930.187500
-485.906250
108202.250000
-176881.265625
-38400.140625
83090.437500
64062.937500
120593.531250
128078.750000
-240419.984375
-87210.640625
148684.906250
-195557.781250
4581.250000
86531.687500
-53118.140625
8702.093750
-215665.640625
-162044.312500
-177564.406250
-102175.796875
216882.437500
128798.000000
-79335.171875
-192877.328125
-2553.921875
2576.906250
-70864.296875
-334.531250
159343.093750
147709.843750
6014.500000
37658.625000
-100925.046875
-74647.281250
141499.593750
-212958.093750
-127556.546875
162825.906250
-208958.015625
243404.906250
-191457.312500
-188143.218750
55727.781250
-225845.546875
160210.468750
51932.968750
-73826.781250
-248736.734375
-84891.546875
-34242.843750
34218.125000
165656.718750
205826.437500
162133.718750
-258325.171875
250451.375000
-94355.671875
-217808.109375
-154472.812500
-234988.359375
-92816.421875
20600.156250
-11158.828125
71036.125000
-119890.203125
233934.781250
-107801.281250
39790.250000
126968.656250
-247940.484375
-159265.203125
188845.718750
-151822.609375
-245901.843750
118999.656250
14247.718750
190672.000000
-228564.562500
169.125000
245964.562500
-160693.390625
-103343.015625
61637.062500
-179326.968750
85930.937500
-87908.609375
-162442.156250
140958.625000
160211.343750
-242229.015625
-219734.500000
-207520.921875
-258089.953125
211076.937500
-204463.062500
171672.218750
257197.687500
147616.468750
141678.093750
-86760.828125
143327.187500
-107452.000000
-36662.015625
170391.937500
68964.562500
-243957.281250
242529.750000
-171567.750000
-171859.968750
91053.187500
-217141.265625
177963.687500
233187.093750
130385.687500
-158434.718750
-99736.531250
-68475.390625
224523.375000
25186.937500
130785.843750
-46958.640625
-160979.406250
-38499.765625
104763.125000
-122012.343750
-196857.031250
85831.156250
74584.343750
-30708.359375
-15619.062500
-164851.531250
-227857.843750
-114678.062500
-20166.109375
235904.187500
32528.625000
-7253.781250
-101490.296875
-70345.703125
-73763.375000
-226330.765625
-125074.015625
-257066.203125
164567.031250
-166249.406250
181570.968750
49929.437500
122119.468750
-90231.781250
157875.406250
60382.250000
78458.281250
196544.437500
-255609.656250
-25842.812500
154211.312500
169631.406250
253487.250000
156657.125000
81408.312500
-110241.296875
43323.437500
96967.656250
143662.531250
69168.781250
-241924.015625
52143.312500
123946.843750
-133948.218750
-195635.531250
43720.093750
92385.625000
230249.718750
-250140.046875
-7144.937500
68489.375000
131850.125000
-229082.937500
243935.593750
255465.625000
181510.218750
-150262.250000
191279.593750
-70852.421875
-70619.109375
69745.875000
-165631.937500
-133705.718750
-62347.828125
110861.593750
211081.062500
131569.812500
-226427.734375
-234344.015625
-258291.640625
-78675.578125
-114611.031250
-95120.828125
204391.312500
220312.406250
70471.375000
-58152.468750
-70188.484375
-108148.656250
192576.968750
-230671.000000
227540.562500
-84450.671875
-50071.593750
180989.625000
154029.718750
155679.312500
-82244.093750
-262119.000000
77560.687500
-224118.984375
-141479.687500
-80258.875000
-95446.234375
-22680.281250
-196435.156250
-255370.062500
260064.375000
157441.531250
-59385.500000
-91772.218750
170432.000000
-239944.515625
-243368.234375
144945.343750
-65124.375000
130632.218750
150534.000000
-24498.812500
249086.937500
7176.093750
-243372.953125
66822.656250
-218054.265625
-44769.390625
-120526.578125
-246523.562500
109434.031250
243950.875000
29399.843750
-230119.562500
-87228.921875
239086.656250
-250539.015625
24106.218750
-250070.078125
234082.500000
56279.281250
-39637.406250
-181938.187500
-30714.203125
235858.250000
-24055.781250
-123195.875000
-92557.359375
79422.468750
247551.093750
-212656.937500
6388.750000
121634.031250
83035.687500
-88710.343750
116257.968750
121742.906250
225064.468750
197967.625000
-83541.875000
58006.187500
-87967.515625
-83704.968750
-251735.703125
-135523.953125
244270.125000
-113074.531250
-199514.765625
-24473.937500
180293.593750
-239078.218750
38918.906250
-174109.093750
-210039.359375
-226004.921875
255713.875000
-260112.906250
-121194.468750
-154288.187500
160102.750000
23988.812500
55272.000000
145832.187500
96170.718750
132244.750000
106356.781250
255529.906250
130148.281250
126418.218750
136567.468750
-150803.640625
49413.312500
258130.062500
-134130.312500
-42187.031250
165789.125000
50377.812500
-64558.718750
139260.656250
26903.437500
50862.531250
197659.437500
-230978.718750
-111885.828125
-77918.453125
200553.093750
-107542.906250
138765.437500
-206377.562500
-192469.484375
-124576.093750
-114369.718750
-75648.687500
-228049.968750
-156111.125000
-217542.484375
-257215.984375
-34189.593750
55863.906250
-104814.843750
17854.281250
10233.812500
25188.656250
-257408.734375
-45142.265625
-90417.750000
-109245.828125
-130323.062500
35416.218750
175474.843750
-254199.375000
-75929.765625
77651.562500
-196734.750000
170312.031250
39682.437500
119650.562500
147078.500000
11888.687500
-107407.437500
36706.531250
-160959.375000
-195583.125000
-123417.968750
136212.531250
-15620.250000
19818.187500
251159.781250
246545.343750
116372.562500
93946.375000
71345.312500
151901.000000
-250374.859375
99765.812500
-227377.531250
12908.812500
181388.937500
-204400.843750
57888.312500
150133.250000
-184485.734375
-229841.843750
81686.375000
56174.875000
-207457.015625
-13394.796875
-36324.859375
87210.312500
33412.625000
209252.968750
43385.625000
-164980.875000
-61433.203125
-9940.218750
230788.156250
187922.562500
31376.500000
-70599.015625
223721.156250
181916.562500
-62486.421875
-243293.171875
167504.656250
-220367.437500
-65454.531250
61878.906250
187855.750000
-94165.609375
113463.343750
-208078.734375
-15437.218750
169448.343750
200990.531250
135581.531250
99665.437500
-85021.359375
203647.593750
-195305.000000
-54517.015625
-197585.437500
-47954.875000
-777.187500
-245515.000000
-118430.890625
-16008.843750
133550.000000
-135141.046875
-126464.609375
194320.656250
-86626.203125
-197803.218750
209933.593750
-73026.875000
109311.031250
95079.750000
-237198.312500
-11748.640625
64916.531250
191736.375000
22360.781250
231556.937500
217851.156250
235473.500000
260953.281250
-43284.546875
-219859.656250
179363.656250
108457.781250
161634.468750
-162222.375000
-205604.375000
