-0.759546
0.920397
0.758281
-0.157436
-0.008204
0.153225
0.875833
-0.508538
0.099251
0.374676
-0.046676
0.915543
-0.308539
-0.868246
-0.784227
-0.816495
0.781232
0.559335
0.459273
0.518995
0.948916
0.237081
-0.692213
0.679558
-0.645422
-0.188797
-0.228700
0.247822
-0.266071
0.174243
0.853623
-0.265639
-0.797642
-0.362144
-0.216474
-0.011724
-0.965574
0.626068
0.690797
0.152620
-0.235846
0.944375
0.219974
-0.659417
0.265210
-0.263817
0.598774
0.130511
0.032607
0.110798
0.411560
-0.066061
-0.125237
0.717628
0.114786
0.310704
0.155306
-0.984343
-0.321468
0.946426
0.453208
-0.156639
-0.379868
-0.584928
-0.921818
0.839957
-0.763860
-0.696775
-0.591078
-0.948928
0.174253
0.742909
0.901043
0.322247
-0.219765
-0.154474
-0.003335
0.006087
0.855209
0.157083
-0.395268
-0.319924
0.336143
0.520159
0.717083
-0.682357
0.007246
0.524788
0.408291
-0.821446
-0.172099
0.166023
0.968661
-0.830802
0.793710
-0.161944
-0.946077
0.930848
-0.227641
0.137401
0.057941
-0.975183
0.447438
0.950207
-0.099479
-0.726482
-0.948920
0.075083
-0.104647
-0.576527
-0.242315
-0.104075
-0.514876
0.558543
-0.815356
-0.668143
0.110904
-0.732757
0.858189
0.142634
-0.079795
-0.384936
0.224768
0.438859
-0.499399
-0.912589
0.250530
0.208740
0.948473
0.123945
-0.414140
-0.186639
0.556410
0.585362
0.153470
-0.301081
-0.438685
-0.854123
-0.123557
0.277820
-0.722231
-0.694533
0.151662
-0.396617
-0.099778
-0.863540
-0.955426
-0.357424
-0.078917
-0.013797
0.596070
-0.694377
-0.859562
0.110812
0.179645
-0.843841
-0.866698
0.481684
-0.791632
0.705362
-0.534566
-0.707848
0.801797
0.639407
-0.597668
-0.331678
0.184862
0.663277
0.609825
-0.171094
0.568889
0.199653
0.766907
0.841440
-0.253495
0.652773
-0.573732
-0.519580
-0.757132
0.894163
-0.596481
0.225276
-0.335942
0.647135
-0.601533
0.350496
-0.946273
0.537583
0.822533
0.571369
0.306867
0.148035
0.578729
-0.042134
0.931414
-0.833378
0.597395
0.678353
0.282580
0.112003
-0.940302
0.946806
0.024064
-0.035015
0.281565
0.437923
0.794852
-0.832660
-0.697347
-0.958302
0.964308
0.731303
0.130563
-0.656405
0.561519
-0.342975
0.841734
0.791315
0.437485
-0.712699
0.900879
0.581012
-0.657673
-0.306709
0.713673
-0.053945
0.645731
0.037438
0.953075
-0.811309
0.040027
0.907250
-0.453381
-0.615340
-0.034544
0.542106
-0.074095
-0.487386
0.287297
-0.300096
-0.297522
0.767346
-0.812120
0.056726
-0.188925
-0.386335
-0.610907
-0.315622
0.201767
-0.244785
-0.300651
-0.954647
0.075393
-0.657700
-0.066110
0.802601
0.871974
-0.484996
-0.967317
0.745993
0.115238
0.845867
-0.180417
0.388129
0.902662
-0.846816
-0.562436
0.500094
0.457549
0.564346
-0.024489
0.989236
-0.573763
-0.899500
0.973127
-0.741618
0.944172
0.602521
0.545030
-0.868275
0.722860
-0.139856
0.182068
-0.155495
0.905699
-0.916050
0.469221
0.516470
0.392270
-0.323068
-0.663620
-0.284408
-0.879169
0.105702
0.359371
-0.086776
0.077443
-0.586054
-0.006125
-0.309907
-0.528173
0.734294
-0.292805
-0.423699
-0.181593
0.440060
-0.571816
0.381508
0.786589
-0.596599
-0.138574
0.060183
-0.507665
-0.010748
-0.275110
-0.047521
0.043198
-0.481076
-0.055853
0.203533
-0.569411
-0.501486
0.349575
0.313145
0.228982
0.662721
0.796808
0.317816
0.554529
-0.066980
-0.642101
0.262109
0.065882
0.571288
-0.201128
0.523995
0.970838
-0.345351
-0.978795
-0.643043
0.175820
0.428429
0.537549
0.758294
-0.221836
-0.213258
-0.253385
0.858453
0.880210
0.742872
-0.542605
0.527103
0.059770
-0.174571
-0.696124
0.853836
-0.453083
-0.096334
-0.876102
0.846869
0.817749
0.018911
-0.205717
-0.422874
0.638787
-0.284189
0.220543
-0.672535
0.519409
-0.587091
-0.673296
0.756115
-0.391039
-0.600771
-0.291690
0.445042
-0.285667
-0.771061
-0.739013
0.526380
-0.019680
-0.056900
-0.837969
0.756120
0.637002
-0.096523
0.325822
-0.569836
-0.837241
0.778258
0.329722
0.286500
-0.979276
0.117404
-0.823912
0.883986
-0.279297
-0.655883
0.452902
-0.175588
-0.490062
-0.536559
0.114936
0.092607
0.519862
-0.984560
0.725325
-0.202390
0.162976
-0.750821
-0.845169
-0.238237
-0.372699
-0.812578
-0.396290
-0.266656
-0.698017
-0.448503
-0.723711
0.608347
0.390916
-0.502499
-0.780919
0.705047
-0.807382
-0.381551
0.783601
0.073138
0.172792
0.063190
-0.131476
0.870665
-0.832382
0.832278
0.465927
0.084330
-0.634248
0.660702
-0.638925
0.643651
0.715453
0.273298
0.119016
-0.903422
0.504826
-0.415614
0.790269
-0.008154
-0.144738
0.722631
-0.837883
-0.180886
0.940358
0.754212
0.927717
-0.650289
0.490057
0.896708
0.575381
0.088942
-0.494409
-0.609061
-0.519093
-0.896353
0.091770
-0.069899
0.042284
-0.754229
-0.019879
0.454886
-0.146455
0.385596
0.743093
0.843925
-0.275974
0.813698
0.044871
0.973905
0.780466
-0.303145
-0.967290
-0.046482
-0.744035
0.162165
-0.487147
-0.972456
-0.247467
0.033832
0.491958
0.969178
0.582548
0.865902
0.003579
0.326989
0.968396
0.910556
-0.417332
-0.816587
0.201926
-0.335421
-0.637895
-0.041649
0.862506
0.117073
-0.439349
0.471861
0.360573
0.309466
0.730067
0.287774
-0.177797
-0.644729
-0.508143
0.627984
0.860032
0.205718
-0.445083
0.890141
-0.594625
-0.694690
-0.566682
0.346104
-0.781943
-0.306820
-0.397295
-0.511977
-0.041646
0.025622
0.008945
0.537128
-0.455616
-0.937139
0.121953
0.609191
0.231237
0.910797
-0.117853
-0.566287
0.963690
-0.155963
-0.223952
-0.312964
0.112231
0.707027
-0.701123
-0.070951
0.563634
-0.325587
-0.090935
0.604452
-0.013576
0.568036
-0.006562
-0.070884
0.326324
0.056384
-0.001835
0.408630
-0.667998
-0.145020
0.313794
0.241936
0.455426
0.483694
-0.907955
-0.329354
0.561514
-0.738531
0.017301
0.326790
-0.200603
0.032864
-0.814469
-0.611966
-0.670578
-0.385871
0.819064
0.486410
-0.299612
-0.728408
-0.009645
0.009732
-0.267622
-0.001263
0.601765
0.557832
0.022714
0.142219
-0.381147
-0.281908
0.534378
-0.804244
-0.481722
0.614918
-0.789137
0.919227
-0.723045
-0.710530
0.210458
-0.852914
0.605041
0.196127
-0.278809
-0.939363
-0.320596
-0.129319
0.129226
0.625609
0.777311
0.612304
-0.975574
0.945839
-0.356338
-0.822560
-0.583372
-0.887442
-0.350525
0.077797
-0.042142
0.268270
-0.452770
0.883463
-0.407115
0.150269
0.479502
-0.936356
-0.601471
0.713183
-0.573364
-0.928657
0.449406
0.053807
0.720080
-0.863182
0.000639
0.928894
-0.606864
-0.390279
0.232775
-0.677235
0.324521
-0.331990
-0.613469
0.532335
0.605044
-0.914787
-0.829835
-0.783710
-0.974686
0.797140
-0.772162
0.648326
0.971316
0.557479
0.535052
-0.327655
0.541280
-0.405796
-0.138455
0.643491
0.260447
-0.921313
0.915922
-0.647932
-0.649035
0.343866
-0.820042
0.672086
0.880639
0.492406
-0.598334
-0.376659
-0.258600
0.847921
0.095119
0.493917
-0.177341
-0.607944
-0.145396
0.395642
-0.460784
-0.743438
0.324144
0.281670
-0.115971
-0.058986
-0.622568
-0.860513
-0.433086
-0.076158
0.890901
0.122846
-0.027394
-0.383282
-0.265663
-0.278570
-0.854746
-0.472346
-0.970820
0.621493
-0.627847
0.685709
0.188560
0.461189
-0.340764
0.596222
0.228036
0.296300
0.742257
-0.965319
-0.097596
0.582385
0.640619
0.957304
0.591621
0.307441
-0.416330
0.163613
0.366202
0.542547
0.261218
-0.913635
0.196921
0.468090
-0.505860
-0.738825
0.165111
0.348898
0.869546
-0.944663
-0.026983
0.258653
0.497937
-0.865140
0.921231
0.964775
0.685480
-0.567471
0.722374
-0.267577
-0.266696
0.263398
-0.625515
-0.504944
-0.235459
0.418673
0.797155
0.496878
-0.855112
-0.885009
-0.975448
-0.297121
-0.432833
-0.359227
0.771891
0.832018
0.266138
-0.219615
-0.265069
-0.408427
0.727274
-0.871137
0.859315
-0.318931
-0.189097
0.683514
0.581699
0.587929
-0.310598
-0.989902
0.292911
-0.846393
-0.534303
-0.303100
-0.360456
-0.085653
-0.741844
-0.964414
0.982142
0.594584
-0.224272
-0.346581
0.643643
-0.906159
-0.919089
0.547391
-0.245945
0.493337
0.568497
-0.092521
0.940686
0.027101
-0.919107
0.252358
-0.823490
-0.169073
-0.455173
-0.931005
0.413282
0.921289
0.111030
-0.869055
-0.329423
0.902919
-0.946170
0.091038
-0.944399
0.884021
0.212541
-0.149692
-0.687096
-0.115993
0.890727
-0.090848
-0.465254
-0.349546
0.299942
0.934886
-0.803107
0.024127
0.459355
0.313587
-0.335018
0.439052
0.459766
0.849964
0.747632
-0.315499
0.219062
-0.332213
-0.316115
-0.950689
-0.511811
0.922495
-0.427030
-0.753475
-0.092427
0.680885
-0.902887
0.146979
-0.657529
-0.793221
-0.853516
0.965713
-0.982326
-0.457695
-0.582675
0.604634
0.090595
0.208737
0.550740
0.363192
0.499427
0.401660
0.965018
0.491510
0.477423
0.515752
-0.569515
0.186611
0.974837
-0.506548
-0.159321
0.626109
0.190254
-0.243808
0.525923
0.101602
0.192084
0.746468
-0.872299
-0.422541
-0.294262
0.757396
-0.406140
0.524053
-0.779392
-0.726868
-0.470466
-0.431921
-0.285690
-0.861239
-0.589559
-0.821557
-0.971385
-0.129118
0.210972
-0.395837
0.067427
0.038648
0.095126
-0.972113
-0.170481
-0.341466
-0.412571
-0.492170
0.133751
0.662687
-0.959993
-0.286751
0.293254
-0.742976
0.643189
0.149862
0.451865
0.555447
0.044898
-0.405628
0.138624
-0.607869
-0.738627
-0.466092
0.514411
-0.058990
0.074844
0.948514
0.931087
0.439485
0.354792
0.269438
0.573660
-0.945550
0.376769
-0.858699
0.048751
0.685022
-0.771927
0.218617
0.566984
-0.696717
-0.868006
0.308492
0.212146
-0.783469
-0.050586
-0.137182
0.329353
0.126184
0.790251
0.163847
-0.623056
-0.232005
-0.037540
0.871580
0.709696
0.118494
-0.266620
0.844891
0.687014
-0.235982
-0.918805
0.632587
-0.832226
-0.247191
0.233688
0.709444
-0.355620
0.428498
-0.785817
-0.058299
0.639928
0.759048
0.512028
0.376390
-0.321086
0.769082
-0.737576
-0.205885
-0.746189
-0.181103
-0.002935
-0.927196
-0.447259
-0.060458
0.504356
-0.510365
-0.477598
0.733859
-0.327147
-0.747011
0.792822
-0.275789
0.412817
0.359072
-0.895788
-0.044369
0.245160
0.724099
0.084446
0.874483
0.822723
0.889274
0.985499
-0.163466
-0.830308
0.677373
0.409595
0.610418
-0.612639
-0.776472
